cmd: ./checkpass picoCTF{a0000000000000000000000000000000}
events: Ir
fl=./csu/../csu/libc-start.c
fn=__libc_start_main@@GLIBC_2.34
242 11
311 2
312 4
337 6
340 2
343 7
350 2
352 2
360 4
fl=./csu/../sysdeps/nptl/libc_start_call_main.h
fn=(below main)
29 4
44 4
46 2
51 2
52 2
55 2
58 5
fl=./csu/./csu/errno-loc.c
fn=__errno_location
26 6
27 3
fl=./csu/./csu/init-first.c
fn=_init_first
46 2
51 2
55 5
61 1
62 1
63 2
71 2
72 1
fl=./ctype/./ctype/ctype-info.c
fn=__ctype_init
39 7
41 4
42 2
43 2
44 1
fl=./debug/../sysdeps/x86_64/multiarch/ifunc-memmove.h
fn=__memcpy_chk
56 3
57 2
60 3
61 2
74 2
77 2
85 2
93 2
96 5
fn=__memmove_chk
56 3
57 2
60 3
61 2
74 2
77 2
85 2
93 2
96 5
fn=__mempcpy_chk
56 3
57 2
60 3
61 2
74 2
77 2
85 2
93 2
96 5
fl=./debug/../sysdeps/x86_64/multiarch/ifunc-memset.h
fn=__memset_chk
52 1
53 2
61 5
64 3
65 2
80 2
84 4
92 2
100 2
fl=./debug/../sysdeps/x86_64/multiarch/memset_chk.c
fn=__memset_chk
29 1
fl=./elf/../bits/stdlib-bsearch.h
fn=intel_check_word.constprop.0
26 648
28 972
43 60
44 60
46 120
fl=./elf/../elf/dl-tls.c
fn=_dl_add_to_slotinfo
1169 3
1170 15
1178 3
1181 3
1182 3
1186 9
1222 6
1225 6
1226 9
1228 3
1231 3
1232 6
fn=_dl_allocate_tls_init
608 9
609 2
613 2
615 1
616 3
619 2
622 4
634 1
639 20
645 8
648 9
649 6
655 9
656 6
658 18
661 6
662 6
665 6
666 12
668 6
669 6
678 3
688 6
690 30
693 6
694 3
698 3
704 2
707 2
710 9
fn=_dl_allocate_tls_storage
97 1
103 1
515 3
521 2
523 2
533 1
535 2
536 2
541 4
fn=_dl_assign_tls_modid
159 2
162 6
215 2
217 2
220 2
221 4
fn=_dl_count_modids
228 2
229 1
244 2
fn=_dl_determine_tlsoffset
249 5
250 2
251 1
252 1
284 1
286 15
287 6
289 18
292 9
293 6
295 6
297 12
313 24
316 3
318 15
321 3
325 3
342 3
348 9
359 3
361 1
362 7
364 2
453 1
454 6
fn=_dl_tls_initial_modid_limit_setup
1131 1
1134 13
1136 12
1137 8
1140 6
1143 1
1144 1
fn=_dl_tls_static_surplus_init
117 3
131 5
134 5
135 5
136 3
138 4
141 1
143 1
145 3
146 5
fn=allocate_dtv
458 4
463 1
467 2
468 1
469 2
478 3
484 4
fl=./elf/../include/list.h
fn=__tls_init_tp
43 2
44 2
45 1
47 1
fl=./elf/../include/rtld-malloc.h
fn=__minimal_calloc
56 12
fn=_dl_allocate_tls_storage
56 1
fn=_dl_check_map_versions
44 15
fn=_dl_find_object_init
56 1
fn=_dl_important_hwcaps
56 4
fn=_dl_init_paths
56 4
fn=_dl_map_object_deps
56 10
fn=_dl_new_object
44 15
56 12
fn=allocate_dtv
44 2
fn=fillin_rpath.isra.0
50 2
51 1
56 2
fn=init_tls
44 3
fl=./elf/../include/scratch_buffer.h
fn=_dl_map_object_deps
77 3
78 1
85 3
131 12
fl=./elf/../misc/sbrk.c
fn=sbrk
37 2
40 1
58 2
62 2
78 3
fl=./elf/../nptl/nptl-stack.h
fn=__libc_early_init
61 7
fl=./elf/../sysdeps/generic/dl-cache.h
fn=_dl_load_cache_lookup
194 1
195 5
fn=search_cache
125 3
fl=./elf/../sysdeps/generic/dl-call_tls_init_tp.h
fn=init_tls
31 8
33 1
fl=./elf/../sysdeps/generic/dl-debug.h
fn=dl_main
29 4
30 1
fl=./elf/../sysdeps/generic/dl-hash.h
fn=__rtld_malloc_init_real
43 5
44 1
45 19
48 18
62 24
67 1
72 1
fl=./elf/../sysdeps/generic/dl-new-hash.h
fn=_dl_lookup_symbol_x
69 170
70 340
74 1291
77 2582
80 1199
81 2398
87 78
88 78
89 156
90 78
99 1121
101 1121
102 2242
104 1121
105 1121
fl=./elf/../sysdeps/generic/dl-protected.h
fn=do_lookup_x
29 1164
fl=./elf/../sysdeps/generic/ldsodefs.h
fn=_dl_lookup_map
96 81
99 65
100 26
fn=_dl_map_object_from_fd
96 18
99 12
100 6
fn=_dl_new_object
1389 48
fn=_dl_relocate_object_no_relro
79 36
152 516
fn=_dl_start
79 6
fn=check_match
79 3
fn=dl_main
79 2
96 7
99 4
100 1
fn=do_lookup_x
151 314
152 471
fl=./elf/../sysdeps/nptl/dl-mutex.c
fn=__rtld_mutex_init
30 3
37 1
40 6
44 2
45 10
47 7
51 2
52 7
53 4
fl=./elf/../sysdeps/nptl/dl-tls_init_tp.c
fn=__tls_init_tp
69 1
70 1
73 1
76 4
77 2
78 1
83 2
88 4
91 1
94 3
110 4
112 1
118 2
119 2
fn=__tls_pre_init_tp
54 3
57 9
62 2
63 1
65 1
fn=rtld_mutex_dummy
45 24
fl=./elf/../sysdeps/nptl/pthread_early_init.h
fn=__libc_early_init
33 6
34 1
38 5
45 2
46 1
48 2
52 5
53 1
54 1
56 1
fl=./elf/../sysdeps/posix/dl-fileid.h
fn=_dl_map_object_from_fd
37 20
40 8
41 8
49 40
fl=./elf/../sysdeps/unix/sysv/linux/brk.c
fn=brk
37 1
38 2
44 1
45 1
fl=./elf/../sysdeps/unix/sysv/linux/brk_call.h
fn=brk
24 2
fl=./elf/../sysdeps/unix/sysv/linux/dl-extra_tls.h
fn=_dl_determine_tlsoffset
32 4
33 3
37 10
44 1
51 4
52 3
54 1
fl=./elf/../sysdeps/unix/sysv/linux/dl-osinfo.h
fn=dl_main
39 2
52 1
fl=./elf/../sysdeps/unix/sysv/linux/dl-parse_auxv.h
fn=_dl_sysdep_parse_arguments
33 2
34 1
35 1
42 93
43 44
44 44
46 1
47 2
48 2
49 2
50 2
51 2
52 2
53 2
54 2
55 2
57 2
65 5
67 6
fl=./elf/../sysdeps/unix/sysv/linux/dl-sysdep.c
fn=_dl_sysdep_parse_arguments
78 7
79 2
80 2
81 3
82 60
83 123
86 2
90 56
93 2
94 4
95 2
96 8
fn=_dl_sysdep_start
102 3
103 1
106 2
110 2
113 1
115 2
122 3
123 2
125 5
137 3
140 5
143 4
fn=_dl_sysdep_start_cleanup
148 1
fl=./elf/../sysdeps/unix/sysv/linux/dl-vdso-setup.h
fn=dl_main
30 1
33 1
36 1
39 1
45 1
54 1
fl=./elf/../sysdeps/unix/sysv/linux/dl-vdso.h
fn=dl_main
40 2
41 4
55 2
fl=./elf/../sysdeps/unix/sysv/linux/rseq-internal.h
fn=__tls_init_tp
93 4
100 3
108 4
112 5
116 2
118 5
119 2
124 1
fl=./elf/../sysdeps/unix/sysv/linux/x86/dl-hwcap2.h
fn=update_active.constprop.0
25 2
fl=./elf/../sysdeps/unix/sysv/linux/x86/dl-minsigstacksize.h
fn=get_common_indices.constprop.0
24 2
27 2
28 2
65 3
74 2
fl=./elf/../sysdeps/x86/cpu-features.c
fn=get_common_indices.constprop.0
431 1
435 4
438 5
442 1
443 4
444 4
445 4
446 3
447 2
454 2
456 7
461 7
468 2
469 7
475 2
490 2
fn=init_cpu_features.constprop.0
409 3
410 2
411 6
416 2
417 6
422 2
423 6
565 4
728 7
731 1
732 1
733 1
740 1
742 1
751 3
754 6
755 1
758 1
760 6
765 1
769 1
770 3
773 3
775 4
781 5
788 1
809 1
811 2
818 2
821 2
901 2
908 2
926 1
927 2
968 2
975 2
977 2
981 2
987 2
1135 3
1136 2
1139 2
1140 2
1143 4
1150 1
1151 1
1152 1
1153 1
1157 4
1160 4
1169 3
1173 1
1182 2
1183 3
1223 1
1224 2
1228 3
1245 3
1246 4
1249 2
1252 1
1255 2
1275 2
1276 1
1278 5
1281 1
1284 1
1316 4
1323 8
fn=update_active.constprop.0
90 7
94 1
102 3
103 3
104 1
112 4
113 1
121 3
122 1
127 5
130 4
131 1
134 5
135 2
139 4
140 3
141 3
142 1
146 4
147 5
148 3
151 6
163 1
165 2
169 6
170 3
172 3
176 2
178 1
182 2
184 2
188 1
189 1
196 4
198 4
204 4
206 4
208 4
213 4
262 3
263 3
279 4
295 2
299 1
300 1
303 4
307 2
311 3
312 2
316 1
317 1
320 2
322 1
323 1
326 2
389 2
393 3
402 1
403 8
fl=./elf/../sysdeps/x86/dl-cacheinfo.h
fn=get_common_cache_info.constprop.0
613 10
628 1
631 1
632 1
638 1
640 11
643 2
655 1
660 4
664 2
669 1
672 19
678 8
679 8
682 26
687 2
691 3
692 1
696 2
700 3
703 3
704 1
709 4
715 4
723 8
725 3
727 7
729 7
732 2
733 8
735 4
738 2
743 1
745 8
746 3
747 1
750 2
753 2
757 2
760 1
762 4
763 2
768 2
773 2
774 1
775 3
776 2
777 2
801 3
812 4
813 5
817 2
824 1
825 1
826 1
827 7
fn=handle_intel.constprop.0
250 96
255 24
261 12
267 48
271 24
276 24
279 36
281 24
284 60
286 24
305 96
fn=init_cpu_features.constprop.0
850 2
852 4
853 4
854 1
857 3
859 3
860 1
862 3
864 3
866 3
868 3
870 3
873 3
875 3
877 3
879 8
953 1
954 2
955 2
956 2
957 2
958 1
959 1
960 2
961 1
962 2
963 1
964 1
969 3
983 3
984 7
989 2
990 5
991 2
999 6
1000 2
1020 6
1029 2
1030 2
1035 3
1038 1
1039 2
1049 3
1055 2
1062 5
1064 2
1067 5
1069 1
1075 4
1079 5
1080 3
1084 5
1085 3
1089 5
1090 1
1096 6
1098 3
1122 12
1128 2
1131 10
1133 9
1134 10
1135 13
1138 12
1146 1
1147 7
1148 1
1149 2
1150 2
1151 2
1152 1
fn=intel_check_word.constprop.0
110 648
113 588
119 168
123 48
125 12
129 168
131 144
133 60
135 180
143 120
152 24
155 99
158 99
162 64
164 192
165 24
167 104
168 96
169 84
170 72
172 11
174 22
176 12
177 16
178 12
179 20
180 14
181 9
183 8
184 12
187 21
190 2
194 192
202 120
209 24
216 168
246 144
fl=./elf/../sysdeps/x86/dl-get-cpu-features.c
fn=__x86_cpu_features
39 3
76 2
fn=_dl_x86_init_cpu_features
39 3
41 1
fl=./elf/../sysdeps/x86/dl-prop.h
fn=_dl_map_object_from_fd
149 24
fn=_dl_process_pt_gnu_property
95 8
102 4
115 4
118 2
252 4
253 2
257 8
260 2
fn=dl_main
36 2
37 15
40 6
49 34
53 31
149 4
fl=./elf/../sysdeps/x86/get-isa-level.h
fn=_dl_hwcaps_subdirs_active
31 4
32 3
39 5
40 4
48 3
51 4
54 2
fn=update_active.constprop.0
28 1
30 1
31 3
32 3
39 5
40 3
47 1
48 3
51 4
54 2
63 5
fl=./elf/../sysdeps/x86_64/dl-hwcaps-subdirs.c
fn=_dl_hwcaps_subdirs_active
38 2
43 1
51 5
52 2
fl=./elf/../sysdeps/x86_64/dl-machine.h
fn=_dl_relocate_object_no_relro
78 12
84 4
88 3
94 1
103 2
126 2
262 376
269 376
273 376
282 1927
285 159
286 888
287 10
290 10
291 15
302 10
309 20
312 1128
315 19
318 19
341 2
342 3
395 48
397 64
401 48
410 32
418 345
431 30
465 16
471 94
472 94
473 47
474 47
493 2193
498 1462
499 2924
509 112
513 112
516 168
517 56
725 36
729 8
fn=_dl_start
55 1
273 3
282 10
286 4
312 4
fn=_dl_sysdep_start
209 1
fl=./elf/./dl-find_object.h
fn=_dl_find_object_from_map
103 12
105 12
106 12
107 6
115 12
116 12
121 24
122 216
124 328
127 18
132 6
143 12
148 6
149 6
fl=./elf/./dl-hwcaps.h
fn=_dl_important_hwcaps
43 6
45 4
46 1
77 5
78 5
79 3
fn=copy_hwcaps
43 2
45 4
77 2
78 2
79 2
fl=./elf/./dl-load.h
fn=_dl_map_object_from_fd
91 32
92 15
93 18
94 9
96 12
fl=./elf/./dl-main.h
fn=dl_main
109 5
fl=./elf/./dl-map-segments.h
fn=_dl_map_object_from_fd
29 12
30 32
82 4
102 4
103 8
106 12
107 8
109 8
126 4
136 64
138 48
140 96
141 12
150 64
156 8
157 4
158 12
159 8
161 12
166 8
169 12
177 36
183 8
186 7
189 9
192 2
193 1
194 3
224 16
fl=./elf/./dl-sym-post.h
fn=lookup_malloc_symbol
41 8
53 12
fl=./elf/./dl-tls_block_align.h
fn=_dl_allocate_tls_storage
23 1
41 2
47 5
48 1
52 305
fl=./elf/./elf/dl-audit.c
fn=_dl_audit_activity_map
31 3
37 1
fn=_dl_audit_activity_nsid
45 9
47 9
51 3
fn=_dl_audit_objclose
98 24
fn=_dl_audit_objopen
78 16
fn=_dl_audit_preinit
119 4
fl=./elf/./elf/dl-cache.c
fn=_dl_cache_libcmp
341 486
343 474
345 324
351 8
352 12
353 16
355 16
357 8
363 308
365 308
366 46
369 131
370 131
373 12
fn=_dl_load_cache_lookup
386 15
388 6
391 9
394 6
402 6
403 8
406 6
407 1
414 1
415 2
460 6
465 9
468 18
483 6
487 6
495 9
496 15
497 9
498 3
499 9
fn=_dl_unload_cache
508 1
509 4
511 2
512 1
516 1
518 2
fn=search_cache
186 46
198 33
199 3
206 46
208 115
209 61
213 46
214 27
217 69
218 46
226 23
228 4
231 8
233 24
235 7
245 6
255 9
256 12
263 6
272 42
281 6
286 6
313 3
329 20
330 8
332 12
336 27
fl=./elf/./elf/dl-call-libc-early-init.c
fn=_dl_call_libc_early_init
27 2
29 2
33 8
37 3
39 4
40 2
41 2
fl=./elf/./elf/dl-call_fini.c
fn=_dl_call_fini
24 24
28 12
32 6
34 6
35 12
38 20
39 8
42 23
43 5
47 6
48 12
49 12
50 20
fl=./elf/./elf/dl-catch.c
fn=_dl_catch_error
258 7
260 5
261 2
262 2
263 2
265 6
fn=_dl_catch_exception
58 27
59 18
69 18
70 45
208 45
211 18
218 9
232 45
239 45
241 27
243 36
252 27
fn=_dl_receive_error
58 2
59 1
69 2
70 2
190 3
192 1
196 1
198 2
201 1
202 4
fl=./elf/./elf/dl-debug.c
fn=_dl_debug_change_state
105 2
107 12
111 2
fn=_dl_debug_initialize
76 2
120 1
122 2
127 3
128 2
154 1
157 2
160 2
162 3
169 2
fn=_dl_debug_post_relocate
46 2
51 1
52 9
54 5
56 7
57 3
70 2
fn=_dl_debug_update
76 10
77 5
96 10
100 5
fl=./elf/./elf/dl-debug_state.c
fn=_dl_debug_state
29 2
fl=./elf/./elf/dl-deps.c
fn=_dl_map_object_deps
128 2
129 5
130 6
132 4
136 8
143 13
144 9
160 9
161 1
164 2
182 1
183 5
184 1
188 13
190 22
193 6
197 18
198 39
201 12
205 8
208 20
210 16
215 4
216 4
217 8
218 8
219 4
221 500
222 234
228 84
230 8
232 36
233 16
242 8
244 16
249 12
252 4
253 4
254 4
255 8
256 4
257 4
259 16
263 24
264 12
266 327
417 12
419 12
422 8
423 12
429 4
430 20
431 20
434 4
435 4
439 18
441 6
442 27
448 5
449 2
452 4
463 5
465 4
470 4
471 2
472 1
474 25
478 18
484 12
485 12
490 6
495 3
532 2
533 2
536 1
547 8
548 1
552 9
553 3
557 1
559 2
560 1
561 3
568 3
571 2
574 8
fn=openaux
61 16
64 88
65 8
68 8
69 16
fl=./elf/./elf/dl-environ.c
fn=_dl_next_ld_env_entry
29 3
32 184
34 120
35 30
37 2
40 4
42 2
45 58
fl=./elf/./elf/dl-execstack-tunable.c
fn=_dl_handle_execstack_tunable
24 1
25 9
39 2
fl=./elf/./elf/dl-find_object.c
fn=_dl_find_object_init
578 3
581 1
583 2
584 3
596 2
597 4
599 2
602 3
607 1
608 1
611 4
613 1
616 6
618 1
621 4
fn=_dlfo_process_initial
505 16
506 2
509 4
514 24
515 30
516 12
518 44
521 40
524 50
529 30
531 15
532 5
533 20
546 2
548 18
fn=_dlfo_sort_mappings
553 3
554 2
557 17
561 8
562 68
563 20
565 20
570 20
571 32
572 12
574 3
fl=./elf/./elf/dl-fini.c
fn=_dl_fini
26 9
43 1
46 12
49 2
51 1
54 2
56 5
61 1
63 4
68 7
72 1
74 22
76 12
78 12
80 12
81 6
82 6
86 6
93 6
94 6
100 6
109 2
114 24
116 6
118 12
120 24
123 30
128 6
131 2
135 5
141 6
143 1
147 2
154 8
fl=./elf/./elf/dl-hwcaps.c
fn=_dl_important_hwcaps
51 16
53 2
54 4
56 4
99 5
101 2
104 2
107 1
111 4
124 12
126 10
127 4
128 4
129 2
132 3
141 11
142 12
144 10
150 4
154 5
155 2
156 3
160 1
161 3
162 2
171 13
173 2
174 2
184 4
185 2
188 4
192 2
193 2
201 4
202 7
203 6
207 2
208 1
215 9
fn=copy_hwcaps
73 12
76 16
78 6
79 16
83 2
84 2
85 6
86 4
87 4
89 12
fl=./elf/./elf/dl-hwcaps_split.c
fn=_dl_hwcaps_contains
67 12
68 6
77 6
fn=_dl_hwcaps_split
25 33
26 45
27 6
30 24
34 72
35 12
36 24
41 36
42 18
43 15
45 27
46 9
47 33
fn=_dl_hwcaps_split_masked
51 44
54 56
56 9
57 27
58 54
62 22
fl=./elf/./elf/dl-init.c
fn=_dl_init
81 11
82 1
83 1
86 3
88 1
89 3
94 2
105 1
119 1
120 24
121 36
127 8
fn=call_init
27 56
29 14
35 42
37 14
43 18
46 18
47 2
51 10
59 15
60 18
63 5
64 10
70 12
72 27
73 29
74 28
76 42
fl=./elf/./elf/dl-load.c
fn=_dl_dst_count
228 30
231 20
234 20
235 10
254 50
fn=_dl_init_paths
680 12
694 4
699 1
701 2
708 5
709 1
713 4
715 5
721 1
722 1
730 9
732 7
735 5
736 7
737 1
740 12
741 9
742 18
744 28
750 1
751 1
756 1
759 3
761 4
763 3
780 1
782 3
796 2
799 5
801 12
805 3
806 60
807 14
808 28
810 1
811 1
812 2
818 7
821 3
827 1
831 8
fn=_dl_lookup_map
1912 27
1913 18
1914 18
1917 135
1922 224
1924 160
1926 80
1927 65
1939 4
1940 45
fn=_dl_map_new_object
1947 52
1949 4
1957 8
1964 4
1969 12
1983 20
1987 12
1989 6
1996 12
2000 6
2005 24
2006 24
2008 24
2020 6
2021 27
2022 24
2031 6
2046 6
2047 48
2053 9
2054 21
2062 6
2064 9
2068 9
2070 6
2074 6
2082 6
2105 27
2109 6
2110 3
2127 6
2133 1
2134 4
2135 2
2136 2
2140 9
2143 2
2155 12
2201 49
2203 32
fn=_dl_map_object
2208 99
2209 27
2210 27
2212 24
2213 59
fn=_dl_map_object_from_fd
948 56
963 16
984 8
999 70
1000 28
1018 8
1048 16
1058 8
1065 32
1066 8
1077 12
1078 32
1079 8
1081 4
1082 16
1083 6
1086 6
1087 6
1098 4
1100 4
1102 40
1103 4
1104 4
1105 4
1106 4
1112 165
1113 402
1119 8
1126 10
1127 12
1128 40
1133 2
1134 1
1139 104
1147 64
1148 72
1149 96
1150 16
1151 32
1153 112
1155 32
1168 68
1174 16
1175 160
1188 6
1192 8
1193 2
1197 10
1198 4
1201 2
1206 8
1221 8
1222 4
1225 12
1230 16
1240 68
1241 32
1247 8
1257 16
1264 24
1280 16
1281 12
1287 10
1288 8
1290 8
1300 12
1319 8
1321 20
1341 12
1342 4
1348 122
1349 217
1355 55
1360 16
1373 8
1375 16
1377 8
1393 8
1397 8
1398 8
1415 8
1416 1
1419 16
1424 8
1429 8
1439 16
1440 21
1441 3
1447 8
1448 8
1453 4
1460 12
1463 8
1466 16
1468 4
1469 36
fn=_dl_notify_new_object
908 32
910 12
911 12
928 8
932 20
933 12
935 20
fn=_dl_process_pt_gnu_property
843 6
844 2
850 4
856 10
859 6
860 4
861 4
864 6
865 6
869 2
870 4
874 4
875 2
878 4
881 2
882 6
fn=cache_rpath
655 18
656 27
657 9
673 18
fn=expand_dynamic_string_token
375 12
385 4
388 4
389 4
400 8
fn=fillin_rpath.isra.0
442 17
446 1
448 12
455 2
457 6
461 2
466 3
467 2
474 4
479 2
483 15
484 8
502 4
506 3
508 2
512 2
513 2
514 4
515 2
517 2
523 6
524 13
525 3
527 2
528 3
529 1
535 2
536 1
539 3
545 1
548 8
fn=open_path
1760 24
1761 6
1764 3
1765 3
1767 6
1770 6
1772 39
1775 6
1779 3
1783 9
1790 15
1791 39
1794 18
1799 55
1802 10
1808 10
1809 6
1811 40
1813 15
1815 6
1820 6
1821 18
1827 9
1829 17
1830 3
1832 3
1834 4
1839 8
1841 4
1885 24
1889 3
1891 12
1894 9
1908 27
fn=open_verify.constprop.0
1522 108
1554 27
1559 10
1573 45
1575 18
1583 4
1584 8
1589 16
1590 8
1591 8
1593 12
1595 8
1601 8
1616 55
1697 8
1702 8
1708 16
1714 8
1720 8
1721 16
1725 5
1726 5
1747 81
fl=./elf/./elf/dl-lookup-direct.c
fn=_dl_lookup_direct
74 33
75 3
76 6
78 18
79 6
81 12
84 25
86 9
87 18
90 6
93 6
115 3
116 27
fn=check_match
31 21
32 12
33 9
35 6
36 6
40 9
48 9
51 9
53 15
57 6
58 15
59 9
64 21
fl=./elf/./elf/dl-lookup.c
fn=_dl_lookup_symbol_x
769 2210
771 340
773 1360
775 170
779 644
781 188
782 340
784 39
788 1255
789 3740
794 340
796 91
813 340
814 39
817 157
818 1084
853 1570
867 471
868 2
870 314
889 1530
fn=check_match
70 1476
73 1312
78 18
86 820
89 1042
93 328
94 328
98 318
102 318
103 1431
104 1368
109 21
110 7
111 14
112 14
115 4
141 10
143 30
144 20
147 4
158 157
159 984
fn=do_lookup_x
344 2380
345 170
351 170
355 2568
358 1712
362 1712
383 1712
387 1712
393 2568
397 856
398 856
401 4280
402 2568
405 856
406 1712
408 856
409 1712
410 856
413 3424
416 5992
419 328
420 492
421 328
423 318
426 1820
428 492
429 4368
430 328
433 1887
436 627
445 32
467 10
469 4
473 314
480 1132
484 93
496 314
497 157
498 157
515 2097
518 13
519 1360
fl=./elf/./elf/dl-minimal-malloc.c
fn=__minimal_calloc
80 48
84 12
87 12
88 36
fn=__minimal_free
99 4
fn=__minimal_malloc
36 6
37 102
42 3
43 2
44 2
48 135
51 230
56 8
57 8
59 2
60 16
62 4
64 10
65 8
67 4
70 34
71 36
73 40
fl=./elf/./elf/dl-minimal.c
fn=__rtld_malloc_init_real
76 8
86 2
87 1
89 1
91 5
92 5
93 5
94 4
99 1
100 1
101 1
102 1
103 7
fn=__rtld_malloc_init_stubs
43 2
44 2
45 2
46 2
47 1
fn=lookup_malloc_symbol
61 20
63 4
64 32
68 28
69 24
71 4
72 16
fn=strsep
242 6
244 2
245 4
247 2
249 47
251 28
254 56
256 84
264 14
267 1
271 4
fl=./elf/./elf/dl-misc.c
fn=_dl_name_match_p
68 360
69 288
70 85
72 72
74 286
75 420
78 71
80 59
81 288
fn=_dl_sysdep_read_whole_file
36 5
39 3
40 3
42 7
44 2
47 2
49 9
60 4
63 5
fl=./elf/./elf/dl-object.c
fn=_dl_add_to_namespace_list
31 25
33 10
35 29
38 56
40 4
42 4
45 2
46 10
47 10
48 10
50 10
51 15
fn=_dl_new_object
59 65
62 10
64 2
66 3
67 6
71 2
77 1
80 4
83 25
87 8
92 4
95 10
98 5
99 5
100 10
103 10
104 35
106 5
119 23
123 4
125 1
127 35
130 10
131 10
132 5
136 5
139 80
141 16
149 10
150 5
153 1
155 25
157 16
160 12
164 16
168 28
176 1
179 10
189 20
191 12
195 12
199 8
200 8
208 4
212 4
245 16
250 148
251 148
255 8
256 4
259 4
263 45
fl=./elf/./elf/dl-reloc.c
fn=_dl_protect_relro
352 6
353 18
356 36
359 12
363 12
364 48
370 12
fn=_dl_relocate_object
343 5
344 16
346 10
347 10
348 5
fn=_dl_relocate_object_no_relro
170 940
171 344
174 1826
175 84
177 7
178 21
182 330
183 165
184 165
186 1326
187 795
188 318
190 1176
193 165
194 1155
196 7
207 72
217 6
220 6
223 12
226 18
246 18
247 12
248 6
250 12
257 24
296 11682
298 24
321 6
324 12
338 48
fl=./elf/./elf/dl-setup_hash.c
fn=_dl_setup_hash
28 18
31 18
32 12
33 6
34 6
36 18
37 6
38 18
40 6
41 12
43 6
45 24
50 6
fl=./elf/./elf/dl-sort-maps.c
fn=_dl_sort_maps
140 72
181 2
182 2
183 46
184 24
211 14
216 8
218 2
219 10
221 40
223 12
226 36
244 14
263 8
276 8
283 2
298 24
306 6
310 16
fn=_dl_sort_maps_init
289 1
290 4
291 1
292 3
293 2
fn=dfs_traversal.part.0
135 36
140 44
143 12
145 36
147 124
156 42
171 36
172 12
173 24
fl=./elf/./elf/dl-tunables.c
fn=__GI___tunable_set_val
163 24
165 6
fn=__GI___tunables_init
43 305
46 60
49 6038
53 120
57 300
294 9
300 3
304 32
306 1
317 1680
319 2160
320 540
322 1620
340 6
343 27
346 27
355 8
fn=__tunable_get_val
438 37
441 331
450 53
451 17
460 22
467 111
469 37
fn=do_tunable_update_val
70 12
73 30
83 6
94 24
95 30
99 12
101 24
105 6
112 12
113 12
116 6
117 6
118 6
119 12
fl=./elf/./elf/dl-tunables.h
fn=__GI___tunables_init
160 1002
161 2588
165 180
fl=./elf/./elf/dl-version.c
fn=_dl_check_all_versions
399 5
401 2
403 23
404 6
405 36
408 7
fn=_dl_check_map_versions
36 104
37 32
38 200
56 96
64 48
70 72
86 24
87 48
89 24
94 760
99 24
108 592
110 24
113 168
120 816
124 272
155 42
156 6
164 6
170 18
172 18
174 6
175 18
177 12
180 8
184 8
198 4
200 16
208 16
213 32
215 16
217 48
218 199
221 48
224 72
225 29
228 18
231 96
234 72
239 16
243 24
248 4
257 25
260 12
263 324
266 243
270 77
274 10
279 5
280 15
281 15
291 5
294 27
296 10
299 16
301 4
303 24
306 72
308 96
310 96
311 48
312 72
313 72
316 72
321 16
324 24
329 4
334 10
337 8
341 77
343 162
347 77
348 308
349 231
350 77
353 263
357 77
364 333
365 222
366 30
372 10
373 8
374 8
375 4
377 4
379 124
380 60
382 2
383 5
394 54
fl=./elf/./elf/do-rel.h
fn=_dl_relocate_object_no_relro
48 12
49 36
50 60
51 6
53 60
73 7
80 36
83 178
85 224
96 2
97 2
105 33
114 2221
117 44
120 45
122 705
124 1145
125 916
126 728
127 728
129 687
132 188
133 47
134 47
141 563
142 57
155 30
156 208
157 186
160 141
162 188
163 47
164 47
171 22
173 42
174 12
176 18
184 6
187 18
202 6
fn=_dl_start
48 2
49 6
50 8
51 1
53 10
56 4
61 8
63 2
64 2
65 1
fl=./elf/./elf/get-dynamic-info.h
fn=_dl_map_object_from_fd
39 8
43 4
45 432
49 210
51 60
52 30
53 6
54 96
55 80
56 20
59 16
62 16
64 16
68 105
72 16
84 14
85 16
86 16
87 16
88 14
89 14
90 15
91 16
103 32
110 12
115 4
122 4
123 12
129 12
130 6
147 12
152 4
154 4
156 4
158 4
159 2
162 12
164 9
165 6
174 6
175 9
180 6
181 4
184 8
fl=./elf/./elf/libc_early_init.c
fn=__libc_early_init
35 5
37 1
40 2
43 2
48 2
51 1
55 4
56 2
fl=./elf/./elf/rtld.c
fn=_dl_start
84 8
455 1
459 5
477 2
478 2
480 1
482 2
491 1
497 4
499 2
520 9
546 1
549 2
550 1
566 334
568 1
586 9
fn=dl_main
84 20
91 16
92 2
100 11
196 2
198 1
223 4
224 5
225 4
295 3
301 1
302 1
821 1
823 1
832 1
834 1
839 1
1095 1
1096 1
1098 1
1102 3
1104 1
1105 1
1120 1
1123 50
1124 113
1128 4
1133 3
1134 9
1143 1
1144 2
1146 2
1148 1
1156 8
1157 24
1158 8
1159 1
1161 12
1162 14
1166 8
1167 8
1168 4
1172 8
1178 3
1184 4
1185 1
1190 4
1191 2
1192 1
1195 2
1200 2
1204 3
1210 27
1211 58
1217 12
1223 4
1225 3
1226 3
1228 2
1253 2
1254 2
1256 2
1258 2
1259 2
1262 1
1268 1
1269 24
1270 9
1271 18
1273 16
1274 8
1275 16
1280 12
1287 3
1288 2
1290 3
1357 12
1362 1
1363 1
1369 1
1379 3
1380 4
1647 9
1649 2
1650 3
1651 2
1652 3
1656 2
1657 2
1682 1
1688 3
1689 6
1692 1
1693 1
1694 1
1696 2
1697 2
1702 2
1704 2
1717 2
1720 2
1745 4
1747 1
1752 2
1755 4
1756 4
1757 3
1758 1
1759 1
1760 1
1765 2
1774 2
1778 1
1779 2
1803 2
1809 3
1810 1
1814 3
1819 2
1821 1
1823 2
1827 5
1832 2
1848 5
1924 3
1928 9
1929 1
1932 3
1933 1
1934 2
1935 2
1940 3
1950 9
1956 27
1957 12
1960 3
1961 2
1962 1
1964 22
1965 15
1972 4
1973 3
1975 2
1977 2
1979 3
1993 8
1994 2
1995 3
2005 1
2006 4
2007 5
2017 1
2018 2
2019 4
2021 2
2026 3
2225 3
2229 2
2235 2
2238 2
2250 3
2253 1
2258 2
2262 7
2263 1
2272 30
2274 12
2279 12
2281 14
2283 1
2284 1
2287 6
2289 48
2293 18
2294 9
2301 1
2307 2
2311 4
2313 1
2320 3
2323 2
2327 3
2330 1
2335 2
2339 6
2342 1
2343 2
2346 2
2350 2
2355 3
2362 1
2366 3
2367 3
2368 1
2371 3
2375 1
2380 8
2512 1
2583 1
2585 1
2587 15
2589 2
2591 111
2592 19
2600 14
2625 2
2635 4
2637 2
2638 1
2672 5
2674 2
2675 2
2676 1
2712 5
2735 4
fn=do_preload
788 6
790 1
794 1
795 1
796 1
798 1
800 6
801 3
809 3
815 5
fn=handle_preload_list
182 3
853 7
854 2
858 7
861 4
862 3
864 4
865 2
871 1
873 2
875 2
876 5
879 9
fn=init_tls
735 3
737 2
741 2
747 2
750 1
751 1
752 1
757 1
760 2
763 1
770 2
771 2
777 2
781 1
784 5
fn=map_doit
642 2
644 4
645 6
647 2
fn=version_check_doit
675 2
677 6
681 2
fl=./elf/./get-dynamic-info.h
fn=_dl_start
45 76
49 36
51 10
52 5
54 20
55 16
56 5
59 4
62 4
64 4
68 20
72 3
84 4
85 3
86 4
87 4
88 5
89 3
90 4
91 4
103 10
110 3
123 3
129 3
130 3
133 2
134 3
139 5
142 5
fn=dl_main
39 4
43 1
45 119
49 58
51 12
52 6
54 24
55 20
56 5
59 4
62 4
64 4
68 29
72 7
84 3
85 5
86 5
87 5
88 4
89 5
90 5
91 5
103 9
110 3
115 2
122 3
123 4
129 3
147 4
152 2
154 2
156 2
158 2
159 2
162 4
164 3
165 2
174 2
175 3
180 2
181 3
184 3
fl=./elf/./setup-vdso.h
fn=dl_main
24 2
fl=./io/../sysdeps/unix/sysv/linux/access.c
fn=access
27 7
31 1
fl=./io/../sysdeps/unix/sysv/linux/close_nocancel.c
fn=__GI___close_nocancel
26 20
27 5
fn=__close_nocancel
26 4
27 1
fl=./io/../sysdeps/unix/sysv/linux/fstat64.c
fn=fstat
39 24
72 6
fl=./io/../sysdeps/unix/sysv/linux/fstatat64.c
fn=fstatat
91 6
146 3
160 4
161 11
162 1
fl=./io/../sysdeps/unix/sysv/linux/lseek64.c
fn=lseek
40 8
42 2
fl=./io/../sysdeps/unix/sysv/linux/open64_nocancel.c
fn=__open_nocancel
28 12
31 79
39 92
41 15
fl=./io/../sysdeps/unix/sysv/linux/poll.c
fn=poll
27 1
29 6
43 2
fl=./io/../sysdeps/unix/sysv/linux/pread64_nocancel.c
fn=__pread64_nocancel
25 2
26 8
27 2
fl=./io/../sysdeps/unix/sysv/linux/read_nocancel.c
fn=__read_nocancel
26 36
27 9
fl=./io/../sysdeps/unix/sysv/linux/stat64.c
fn=stat
28 3
29 12
fl=./io/../sysdeps/unix/sysv/linux/write.c
fn=write
25 1
26 6
27 2
fl=./libio/../string/bits/string_fortified.h
fn=getdelim
29 159
fl=./libio/./libio/filedoalloc.c
fn=_IO_file_doallocate
68 6
74 9
76 4
87 4
91 2
92 2
94 5
95 1
96 7
fl=./libio/./libio/fileops.c
fn=_IO_file_close
1228 2
fn=_IO_file_close_it@@GLIBC_2.2.5
129 4
130 1
131 3
134 4
135 2
137 2
151 2
152 6
157 7
158 2
165 2
167 4
169 2
173 2
175 1
176 6
179 3
187 5
188 4
191 2
192 1
193 1
194 1
196 2
197 6
fn=_IO_file_finish@@GLIBC_2.2.5
203 2
209 2
fn=_IO_file_fopen@@GLIBC_2.2.5
247 10
248 2
256 2
258 4
261 1
262 1
271 1
279 5
281 39
302 7
303 1
305 1
306 7
307 1
315 7
318 2
321 3
322 2
391 11
fn=_IO_file_open
216 8
218 2
219 4
223 2
225 1
226 6
229 3
239 2
240 1
241 4
fn=_IO_file_read
1193 10
1194 10
fn=_IO_file_seek
1201 4
fn=_IO_file_seekoff@@GLIBC_2.2.5
890 2
892 2
894 2
899 4
909 2
910 2
923 4
926 5
928 2
931 4
941 1
943 2
954 9
962 2
1108 10
fn=_IO_file_stat
1208 2
fn=_IO_file_underflow@@GLIBC_2.2.5
496 25
500 15
503 10
509 15
512 10
515 3
520 2
524 12
533 5
540 10
546 15
547 5
548 10
549 5
551 25
553 10
560 5
569 15
571 10
572 25
fn=_IO_new_file_init_internal
107 2
111 1
112 1
114 1
115 1
116 2
fl=./libio/./libio/genops.c
fn=_IO_cleanup
810 6
811 8
814 12
818 3
819 36
827 6
829 9
832 9
834 6
854 3
856 36
857 3
861 7
862 2
882 8
883 2
895 10
fn=_IO_default_finish
68 2
628 2
630 3
636 3
639 3
651 2
fn=_IO_doallocbuf
369 1
370 2
372 4
373 6
376 2
fn=_IO_flush_all
713 8
714 2
718 5
719 8
722 12
724 3
725 36
727 18
734 9
735 12
742 36
743 3
747 7
748 2
752 10
fn=_IO_link_in
109 2
110 10
112 3
114 7
115 11
116 1
117 10
119 2
122 2
123 2
124 2
126 1
128 13
129 1
130 6
131 2
134 11
fn=_IO_no_init
589 450
590 50
591 50
592 100
594 1
598 6
605 1
607 1
612 98
613 50
614 50
615 300
fn=_IO_old_init
558 100
560 250
565 400
570 50
576 150
581 150
582 2
584 50
fn=_IO_setb
355 102
356 206
357 1
358 51
359 51
361 312
364 106
fn=_IO_sputbackc
662 588
665 1176
666 392
668 392
669 196
674 196
675 392
678 588
fn=_IO_switch_to_get_mode
190 5
191 15
194 15
198 10
199 10
202 5
204 10
206 10
207 5
208 10
fn=_IO_un_link
68 4
104 2
fn=_IO_unsave_markers
979 2
984 2
986 1
fn=__GI__IO_un_link.part.0
66 6
72 6
73 9
74 1
75 3
77 2
81 1
82 1
83 1
84 2
85 1
96 4
98 3
99 1
100 8
101 2
104 7
fn=__underflow
295 15
296 24
301 10
304 15
306 10
312 10
317 10
319 20
320 10
fl=./libio/./libio/iofclose.c
fn=fclose@@GLIBC_2.2.5
34 4
48 3
49 1
51 3
52 2
53 3
57 4
58 3
71 2
76 5
fl=./libio/./libio/iofopen.c
fn=__fopen_internal
37 2
57 8
65 2
67 3
70 2
72 7
73 2
74 2
75 7
81 7
fn=fopen@@GLIBC_2.2.5
86 2
fl=./libio/./libio/iogetdelim.c
fn=getdelim
41 637
47 147
48 98
54 196
62 291
64 2
65 4
66 2
74 147
75 98
77 4
82 4
89 265
91 212
92 212
100 106
101 212
105 4
107 108
108 2
114 2
115 2
117 54
118 53
119 4
120 122
122 12
124 147
130 441
fl=./libio/./libio/libioP.h
fn=_IO_cleanup
1036 2
fn=_IO_doallocbuf
1036 3
1037 2
fn=_IO_file_close_it@@GLIBC_2.2.5
1036 8
1037 6
fn=_IO_file_doallocate
1036 3
1037 2
fn=_IO_file_seekoff@@GLIBC_2.2.5
1036 3
1037 2
fn=_IO_file_underflow@@GLIBC_2.2.5
1036 10
1037 10
fn=_IO_flush_all
1036 2
fn=__underflow
1036 15
1037 10
fn=fclose@@GLIBC_2.2.5
962 4
963 4
969 2
990 5
991 10
1036 3
1037 2
fn=getdelim
990 196
fl=./libio/./libio/stdfiles.c
fn=_IO_stdfiles_init
66 3
67 12
68 3
69 3
70 1
fl=./libio/./libio/strops.c
fn=_IO_str_init_static_internal
36 392
40 98
41 147
46 245
48 49
49 49
50 49
51 245
53 49
54 49
55 49
64 49
65 294
fl=./libio/./libio/vtables.c
fn=check_stdfiles_vtables
546 4
547 3
548 3
550 1
fl=./malloc/../string/bits/string_fortified.h
fn=__libc_calloc2
59 3
fn=_int_realloc
29 4
fn=tcache_init.part.0
59 104
fl=./malloc/../sysdeps/generic/calloc-clear-memory.h
fn=__libc_calloc2
25 2
27 2
fl=./malloc/../sysdeps/unix/sysv/linux/not-cancel.h
fn=__ptmalloc_init
96 7
fl=./malloc/./malloc/arena.c
fn=__libc_calloc2
151 2
fn=__libc_malloc2
151 24
fn=__ptmalloc_init
252 3
276 2
280 4
284 4
285 4
286 4
287 4
288 4
289 4
290 4
292 4
293 4
294 4
297 4
298 4
300 4
310 7
fn=realloc
151 6
fl=./malloc/./malloc/malloc.c
fn=__libc_calloc2
3825 6
3832 2
3842 1
3843 3
3864 4
3866 10
3869 3
3894 1
3906 3
3909 5
3913 1
3915 5
fn=__libc_malloc2
3444 48
3448 24
3450 36
3451 60
3476 48
fn=__ptmalloc_init
1957 383
1960 381
1968 1
1969 1
1971 2
3155 2
3158 2
3168 5
3169 1
3170 3
fn=_int_free_chunk
1805 1
2003 3
4634 6
4642 2
4653 7
4673 1
4675 1
4676 1
4680 3
4682 2
4686 2
4688 4
4689 1
4708 2
4761 3
fn=_int_malloc
1337 28
1356 84
1805 13
3241 5
3977 98
4018 28
4045 31
4047 28
4050 9
4052 40
4065 56
4110 12
4112 44
4113 26
4115 39
4172 5
4173 3
4191 40
4192 56
4193 42
4203 70
4393 42
4395 4
4398 3
4399 42
4466 14
4467 28
4468 28
4469 28
4470 42
4475 56
4479 159
4482 195
4579 14
4580 28
4582 28
4585 42
4587 13
4588 13
4589 13
4590 104
4592 26
4595 13
4596 39
4597 13
4602 4
4617 4
4618 2
4619 4
4623 126
fn=_int_realloc
5032 2
5043 12
5051 2
5053 1
5054 3
5055 4
5059 2
5069 2
5081 2
5082 2
5083 1
5093 8
5094 2
5097 1
5103 3
5110 1
5111 7
5115 6
5117 1
5148 4
fn=alloc_perturb
1995 14
1996 42
1998 14
fn=calloc
1337 2
1356 6
3922 3
3935 2
3937 4
3940 3
3942 2
3944 4
3967 2
fn=free
3197 9
3201 36
3202 9
3209 18
3519 18
3530 27
3534 18
3540 54
3546 27
3549 27
3550 18
3552 27
3553 9
fn=malloc
1337 26
1356 78
3224 4
3228 8
3232 2
3233 2
3489 26
3491 36
3492 52
3493 1
3495 24
3497 48
3498 2
3510 10
fn=realloc
1337 2
1356 7
3577 27
3584 6
3591 6
3592 4
3600 1
3608 2
3610 1
3611 2
3628 6
3639 2
3670 2
3672 6
3673 7
3702 23
5356 4
5357 3
5358 2
5359 1
fn=sysmalloc
2019 9
2028 3
2543 11
2563 2
2564 1
2574 2
2575 2
2599 1
2600 3
2601 1
2610 6
2619 3
2680 2
2689 4
2702 3
2710 5
2718 2
2720 6
2721 4
2723 1
2726 2
2755 2
2756 2
2757 4
2763 2
2766 4
2793 2
2794 3
2806 3
2828 2
2829 5
2831 1
2832 4
2844 3
2886 1
2887 4
2888 1
2899 2
2932 3
2933 1
2938 2
2941 2
2943 1
2944 1
2945 1
2946 8
2947 2
2949 1
2955 11
fn=tcache_init.part.0
3395 1
3406 5
3408 2
3411 7
3412 20
3414 2
fn=tcache_malloc_init
3397 3
3402 6
3425 1
3427 1
3428 1
fl=./malloc/./malloc/morecore.c
fn=__glibc_morecore
25 2
26 4
29 2
30 4
34 4
fl=./malloc/./malloc/scratch_buffer_set_array_size.c
fn=__libc_scratch_buffer_set_array_size
30 36
34 4
35 8
45 8
46 4
63 16
fl=./misc/../sysdeps/unix/syscall-template.S
fn=mprotect
117 28
122 7
fn=munmap
117 8
122 2
fl=./misc/../sysdeps/unix/sysv/linux/brk.c
fn=brk
37 4
38 4
44 2
45 2
fl=./misc/../sysdeps/unix/sysv/linux/brk_call.h
fn=brk
24 4
fl=./misc/../sysdeps/unix/sysv/linux/getpagesize.c
fn=getpagesize
28 8
30 2
fl=./misc/../sysdeps/unix/sysv/linux/mmap64.c
fn=mmap
47 84
50 42
53 90
58 126
60 63
fl=./misc/../sysdeps/unix/sysv/linux/setvmaname.c
fn=__is_decorate_maps_enabled
33 1
34 11
37 7
42 1
43 5
50 2
fn=__set_vma_name
60 12
61 6
70 8
fl=./misc/./misc/getauxval.c
fn=getauxval
30 4
32 2
35 4
42 184
43 88
62 4
63 2
64 2
fl=./misc/./misc/init-misc.c
fn=__init_misc
30 1
31 5
33 5
37 6
38 4
40 2
fl=./misc/./misc/sbrk.c
fn=sbrk
37 4
40 4
43 4
58 4
59 4
62 4
63 4
66 4
67 1
74 4
78 7
fl=./nptl/../string/bits/string_fortified.h
fn=pthread_attr_init@@GLIBC_2.2.5
59 5
fn=pthread_attr_setaffinity_np@@GLIBC_2.32
29 4
fn=pthread_getaffinity_np@@GLIBC_2.32
59 3
fn=pthread_getattr_np@@GLIBC_2.32
29 2
fl=./nptl/../sysdeps/unix/sysv/linux/x86/elision-conf.c
fn=__lll_elision_init
92 2
96 6
98 4
100 4
102 4
104 4
107 3
108 1
109 6
fl=./nptl/./nptl/cancellation.c
fn=__internal_syscall_cancel
30 2
37 4
38 4
40 6
64 4
fn=__syscall_cancel
74 2
75 4
79 8
80 4
fl=./nptl/./nptl/libc-cleanup.c
fn=__libc_cleanup_pop_restore
57 106
59 159
60 159
71 53
fn=__libc_cleanup_push_defer
25 53
27 106
29 106
32 106
46 159
48 53
49 53
fl=./nptl/./nptl/pthread_attr_destroy.c
fn=pthread_attr_destroy
26 2
36 3
38 2
39 3
44 3
fl=./nptl/./nptl/pthread_attr_extension.c
fn=__pthread_attr_extension
25 1
26 2
27 1
28 6
29 2
32 2
fl=./nptl/./nptl/pthread_attr_getstack.c
fn=pthread_attr_getstack@@GLIBC_2.34
24 1
31 4
35 1
38 2
fl=./nptl/./nptl/pthread_attr_init.c
fn=pthread_attr_init@@GLIBC_2.2.5
32 2
46 3
49 3
fl=./nptl/./nptl/pthread_attr_setaffinity.c
fn=pthread_attr_setaffinity_np@@GLIBC_2.32
29 3
34 4
45 1
46 2
49 5
51 3
52 2
55 2
56 3
62 1
63 5
fl=./nptl/./nptl/pthread_exit.c
fn=pthread_getaffinity_np@@GLIBC_2.32
30 1
fl=./nptl/./nptl/pthread_getaffinity.c
fn=pthread_getaffinity_np@@GLIBC_2.32
30 1
33 6
35 2
39 3
41 1
42 2
fl=./nptl/./nptl/pthread_getattr_np.c
fn=pthread_getattr_np@@GLIBC_2.32
33 11
37 3
38 2
43 7
49 2
52 2
55 2
59 2
62 3
85 4
86 2
91 5
102 2
103 10
105 1
108 5
112 3
114 1
115 1
120 104
122 294
127 392
129 196
130 147
133 1
135 4
140 2
141 1
144 2
145 1
158 48
162 5
165 4
169 1
171 2
178 1
180 5
181 2
188 4
191 4
193 3
194 6
198 2
201 5
203 2
207 12
fl=./nptl/./nptl/pthread_mutex_conf.c
fn=__pthread_tunables_init
55 2
56 6
58 4
60 4
62 6
fl=./nptl/./nptl/pthread_mutex_lock.c
fn=pthread_mutex_lock@@GLIBC_2.2.5
44 1
45 7
46 1
77 1
80 1
82 1
84 3
88 2
97 2
108 4
112 1
115 2
124 1
130 3
131 2
179 1
182 1
184 1
187 1
190 2
fl=./nptl/./nptl/pthread_mutex_unlock.c
fn=__pthread_mutex_unlock_usercnt
39 1
40 4
41 1
48 1
51 1
52 2
57 2
62 1
63 2
65 2
70 1
72 1
74 2
80 4
84 3
87 3
104 2
fn=pthread_mutex_unlock@@GLIBC_2.2.5
368 2
fl=./nptl/./nptl/pthread_self.c
fn=pthread_self
25 2
fl=./posix/../malloc/dynarray-skeleton.c
fn=__unregister_atfork
243 4
fl=./posix/../sysdeps/posix/sysconf.c
fn=sysconf
60 14
221 3
fl=./posix/../sysdeps/unix/sysv/linux/_exit.c
fn=_Exit
27 2
30 2
fl=./posix/../sysdeps/unix/sysv/linux/x86/../sysconf.c
fn=sysconf
49 10
fl=./posix/../sysdeps/unix/sysv/linux/x86/sysconf.c
fn=sysconf
32 5
33 5
37 8
fl=./posix/./posix/register-atfork.c
fn=__unregister_atfork
71 8
82 8
83 16
109 16
110 8
fl=./resource/../sysdeps/unix/sysv/linux/getrlimit64.c
fn=getrlimit
38 2
39 14
40 2
fl=./setjmp/../sysdeps/x86_64/bsd-_setjmp.S
fn=_setjmp
30 1
32 1
fl=./setjmp/../sysdeps/x86_64/setjmp.S
fn=__sigsetjmp
33 10
42 10
43 20
44 10
48 10
49 10
50 10
51 10
52 10
54 20
56 10
57 10
58 10
60 20
62 10
81 9
82 9
85 1
fl=./setjmp/./setjmp/sigjmp.c
fn=__sigjmp_save
29 1
30 2
34 2
fl=./signal/../string/bits/string_fortified.h
fn=__libc_sigaction
29 96
fl=./signal/../sysdeps/posix/signal.c
fn=signal
30 1
34 7
35 2
41 1
44 4
45 5
48 1
49 5
fl=./signal/../sysdeps/unix/syscall-template.S
fn=sigaltstack
120 12
122 3
fl=./signal/../sysdeps/unix/sysv/linux/internal-signals.h
fn=sigaction
53 5
fn=signal
53 1
fl=./signal/../sysdeps/unix/sysv/linux/libc_sigaction.c
fn=__libc_sigaction
43 25
48 10
50 6
53 15
58 48
63 20
65 6
67 6
68 6
71 30
fl=./signal/../sysdeps/unix/sysv/linux/sigsetops.h
fn=signal
96 1
102 2
104 1
fl=./signal/./signal/sigaction.c
fn=sigaction
27 5
28 35
36 10
39 20
45 5
fl=./stdio-common/../include/scratch_buffer.h
fn=__vfscanf_internal
77 98
78 49
85 147
113 588
fl=./stdio-common/../libio/strfile.h
fn=__isoc23_sscanf
87 49
88 294
89 98
90 245
fl=./stdio-common/../string/bits/string_fortified.h
fn=__vfscanf_internal
59 49
fl=./stdio-common/./stdio-common/getline.c
fn=getline
28 147
fl=./stdio-common/./stdio-common/isoc23_sscanf.c
fn=__isoc23_sscanf
24 735
30 294
31 245
36 392
fl=./stdio-common/./stdio-common/printf-parse.h
fn=__vfscanf_internal
55 294
fl=./stdio-common/./stdio-common/vfscanf-internal.c
fn=__vfscanf_internal
206 196
214 196
222 392
223 196
260 2746
263 2778
278 588
282 49
283 196
284 49
288 245
289 98
293 49
313 49
325 49
326 49
327 49
328 49
332 49
339 196
345 245
348 245
352 98
359 98
365 49
367 196
372 588
381 784
419 294
443 539
444 294
447 245
454 441
462 98
470 98
483 196
489 588
505 294
530 294
533 1176
546 294
554 98
660 294
664 98
665 490
669 294
670 98
676 1666
679 392
680 686
681 882
685 1470
1450 686
1455 392
1464 392
1469 264
1470 462
1472 132
1473 396
1486 132
1502 132
1508 64
1511 196
1752 392
1823 3168
1825 1720
1827 4790
1887 762
1889 3048
1891 5334
1894 196
1901 196
1902 196
1930 1176
1934 196
1951 196
1952 294
1955 196
1958 294
1961 392
1980 196
1981 1176
1990 392
3163 196
3173 343
3177 98
3194 98
3200 588
fl=./stdlib/../stdlib/strtol.c
fn=__strtoul_internal
108 392
fl=./stdlib/../stdlib/strtol_l.c
fn=____strtoul_l_internal
238 980
257 98
258 32
264 196
292 98
295 588
301 98
304 784
306 196
310 392
311 196
320 294
322 462
327 132
332 330
335 64
342 64
387 196
390 326
391 196
393 98
394 98
395 132
449 1656
451 3472
453 2484
460 164
477 262
478 360
481 2484
484 4140
489 926
490 2484
495 196
500 294
501 98
513 196
524 490
546 882
fl=./stdlib/../sysdeps/unix/sysv/linux/getrandom.c
fn=__getrandom_early_init
238 4
241 6
278 5
fl=./stdlib/./stdlib/cxa_atexit.c
fn=__cxa_atexit
68 2
fn=__internal_atexit
36 4
41 3
43 7
44 2
46 2
52 3
53 1
54 1
55 1
56 1
57 5
58 1
59 5
fn=__new_exitfn
80 1
81 1
86 2
91 10
93 4
101 1
122 1
123 1
134 1
136 1
137 1
141 3
fl=./stdlib/./stdlib/cxa_finalize.c
fn=__cxa_finalize
45 32
48 20
51 28
55 24
108 32
112 24
119 8
120 8
121 16
122 32
fl=./stdlib/./stdlib/cxa_thread_atexit_impl.c
fn=__call_tls_dtors
148 3
149 4
165 4
fl=./stdlib/./stdlib/exit.c
fn=__run_exit_handlers
45 10
47 9
50 2
51 2
53 6
64 1
66 2
70 1
74 6
76 2
77 1
79 7
111 1
112 1
113 1
114 3
117 4
118 3
119 4
123 3
129 2
130 2
136 4
138 2
139 2
141 2
fn=exit
147 1
148 4
fl=./string/../include/rtld-malloc.h
fn=strdup
56 10
fl=./string/../string/strcspn.c
fn=strcspn
32 2
33 3
34 2
39 6
40 4
41 4
42 4
44 2
47 9
48 6
51 4
52 4
53 4
54 4
56 3
61 13
62 26
63 26
64 26
65 13
67 78
69 1
70 4
71 2
fl=./string/../string/strstr.c
fn=__GI_strstr
45 1
77 10
82 3
84 5
85 2
161 12
fl=./string/../sysdeps/x86/cacheinfo.c
fn=__x86_cacheinfo
86 2
fl=./string/../sysdeps/x86/cacheinfo.h
fn=__x86_cacheinfo
62 1
65 3
67 3
68 1
74 3
76 3
77 1
81 2
84 2
86 2
87 2
88 2
90 2
fl=./string/../sysdeps/x86_64/multiarch/../multiarch/memcmp-sse2.S
fn=bcmp
71 1
72 1
94 1
95 1
140 1
141 1
143 1
144 1
146 1
147 1
149 1
150 1
197 1
198 1
199 1
200 1
201 1
202 1
fl=./string/../sysdeps/x86_64/multiarch/../multiarch/memset-vec-unaligned-erms.S
fn=memset
138 60
143 12
144 12
147 5
148 5
150 1
151 1
152 1
221 1
222 1
224 1
236 4
237 4
249 4
252 4
253 4
265 3
266 3
279 3
280 3
282 3
285 2
288 4
291 41
292 41
293 41
294 41
295 41
296 41
297 41
300 3
301 3
302 3
303 3
308 3
354 7
356 7
357 7
396 7
397 7
399 7
fl=./string/../sysdeps/x86_64/multiarch/../multiarch/strchr-sse2.S
fn=index
33 23
34 23
35 23
36 23
37 23
38 23
39 23
40 23
41 23
42 23
43 23
44 23
45 23
46 23
47 23
48 23
49 23
50 19
54 19
55 19
56 19
57 19
59 19
63 4
64 4
65 4
66 4
67 4
68 4
69 4
70 4
71 4
72 4
73 4
74 4
75 4
76 4
77 4
78 4
79 4
80 4
81 4
82 4
83 4
84 4
85 4
86 4
138 4
142 4
143 4
144 4
145 4
147 4
fl=./string/../sysdeps/x86_64/multiarch/../multiarch/strcmp-sse2.S
fn=strcmp
131 458
132 458
134 458
135 458
156 458
157 458
158 400
159 400
160 323
161 323
162 323
163 323
180 323
181 323
182 323
183 323
184 323
185 323
186 323
191 30
192 30
201 165
202 165
203 165
204 165
205 165
206 165
207 165
208 165
209 155
210 89
211 89
212 89
214 155
215 155
216 155
217 155
218 155
219 155
229 10
230 10
231 10
233 10
239 10
240 10
241 10
242 10
243 10
248 10
250 4
251 4
252 8
260 4
261 4
264 4
265 4
266 4
267 4
268 4
269 4
275 1
276 1
277 1
280 1
281 1
282 1
283 1
284 1
285 1
424 9
425 9
426 9
427 9
428 9
430 9
431 9
432 9
433 9
434 9
435 9
436 9
437 1
440 1
441 1
442 1
448 1
449 1
450 2
454 1
455 1
458 1
459 1
460 1
462 1
463 1
464 1
468 1
469 1
470 1
471 1
472 1
473 1
542 11
543 11
544 11
545 11
546 11
548 11
549 11
550 11
551 11
552 11
553 11
554 11
555 3
559 3
560 3
561 3
567 3
568 3
569 6
573 3
574 3
577 3
578 3
579 3
581 3
582 3
583 3
587 3
588 3
589 3
590 3
591 3
592 3
661 2
662 2
663 2
664 2
665 2
667 2
668 2
669 2
670 2
671 2
672 2
673 2
674 2
678 2
679 2
680 2
686 2
687 2
688 4
692 2
693 2
696 2
697 2
698 2
700 2
701 2
702 2
706 2
707 2
708 2
709 2
710 2
711 2
780 7
781 7
782 7
783 7
784 7
786 7
787 7
788 7
789 7
790 7
791 7
792 7
793 5
797 5
798 5
799 5
805 5
806 5
807 10
811 5
812 5
815 5
816 5
817 5
819 5
820 5
821 5
825 5
826 5
827 5
828 5
829 5
830 5
837 3
838 3
840 3
841 3
843 3
844 3
845 3
847 3
848 3
849 3
853 3
854 3
855 3
856 3
857 3
858 3
899 4
900 4
901 4
902 4
903 4
905 4
906 4
907 4
908 4
909 4
910 4
911 4
912 4
916 4
917 4
918 4
924 4
925 4
926 8
930 4
931 4
934 4
935 4
936 4
938 4
939 4
940 4
944 4
945 4
946 4
947 4
948 4
949 4
956 1
957 1
959 1
960 1
962 1
963 1
964 1
966 1
967 1
968 1
972 1
973 1
974 1
975 1
976 1
977 1
1018 3
1019 3
1020 3
1021 3
1022 3
1024 3
1025 3
1026 3
1027 3
1028 3
1029 3
1030 3
1137 9
1138 9
1139 9
1140 9
1141 9
1143 9
1144 9
1145 9
1146 9
1147 9
1148 9
1149 9
1150 3
1154 3
1155 3
1156 3
1162 3
1163 3
1164 6
1168 3
1169 3
1172 3
1173 3
1174 3
1176 3
1177 3
1178 3
1182 3
1183 3
1184 3
1185 3
1186 3
1187 3
1256 4
1257 4
1258 4
1259 4
1260 4
1262 4
1263 4
1264 4
1265 4
1266 4
1267 4
1268 4
1375 24
1376 24
1377 24
1378 24
1379 24
1381 24
1382 24
1383 24
1384 24
1385 24
1386 24
1387 24
1388 10
1392 10
1393 10
1394 10
1400 10
1401 10
1402 20
1406 10
1407 10
1410 10
1411 10
1412 10
1414 10
1415 10
1416 10
1420 10
1421 10
1422 10
1423 10
1424 10
1425 10
1432 3
1433 3
1435 3
1436 3
1438 3
1439 3
1440 3
1442 3
1443 3
1444 3
1448 3
1449 3
1450 3
1451 3
1452 3
1453 3
1494 15
1495 15
1496 15
1497 15
1498 15
1500 15
1501 15
1502 15
1503 15
1504 15
1505 15
1506 15
1507 6
1511 6
1512 6
1513 6
1519 6
1520 6
1521 12
1525 6
1526 6
1529 6
1530 6
1531 6
1533 6
1534 6
1535 6
1539 6
1540 6
1541 6
1542 6
1543 6
1544 6
1551 2
1552 2
1554 2
1555 2
1557 2
1558 2
1559 2
1561 2
1562 2
1563 2
1567 2
1568 2
1569 2
1570 2
1571 2
1572 2
1613 38
1614 38
1615 38
1616 38
1617 38
1619 38
1620 38
1621 38
1622 38
1623 38
1624 38
1625 38
1626 10
1630 10
1631 10
1632 10
1638 10
1639 10
1640 20
1644 10
1645 10
1648 10
1649 10
1650 10
1652 10
1653 10
1654 10
1658 10
1659 10
1660 10
1661 10
1662 10
1663 10
1670 2
1671 2
1673 2
1674 2
1676 2
1677 2
1678 2
1680 2
1681 2
1682 2
1686 2
1687 2
1688 2
1689 2
1690 2
1691 2
1732 13
1733 13
1734 13
1735 13
1736 13
1738 13
1739 13
1740 13
1741 13
1742 13
1743 13
1744 13
1745 9
1749 9
1750 9
1751 9
1757 9
1758 9
1759 18
1763 9
1764 9
1767 9
1768 9
1769 9
1771 9
1772 9
1773 9
1777 9
1778 9
1779 9
1780 9
1781 9
1782 9
1851 8
1852 8
1853 8
1854 8
1855 8
1857 8
1858 8
1859 8
1860 8
1861 8
1862 8
1863 8
1864 3
1868 3
1869 3
1870 3
1876 3
1877 3
1878 6
1882 3
1883 3
1886 3
1887 3
1888 3
1890 3
1891 3
1892 3
1896 3
1897 3
1898 3
1899 3
1900 3
1901 3
1970 8
1971 8
1972 8
1973 8
1974 8
1976 8
1977 8
1978 8
1979 8
1980 8
1981 8
1982 8
1984 5
1988 5
1989 5
1990 5
1996 5
1997 5
1999 10
2003 5
2004 5
2007 5
2008 5
2009 5
2011 5
2012 5
2013 5
2017 5
2018 5
2019 5
2020 5
2021 5
2022 5
2093 65
2095 165
2096 165
2097 165
2098 165
2099 178
2104 458
2110 458
2111 458
2119 458
2120 458
fn=strncmp
125 1
126 1
127 1
128 1
129 1
131 1
132 1
134 1
135 1
156 1
157 1
158 1
159 1
201 1
202 1
203 1
204 1
205 1
206 1
207 1
208 1
209 1
210 1
211 1
212 1
214 1
215 1
216 1
217 1
218 1
219 1
542 1
543 1
544 1
545 1
546 1
548 1
549 1
550 1
551 1
552 1
553 1
554 1
2095 1
2096 1
2097 1
2098 1
2099 2
2104 1
2107 1
2108 1
2110 1
2111 1
2119 1
2120 1
fl=./string/../sysdeps/x86_64/multiarch/../multiarch/strlen-sse2.S
fn=strlen
101 25
102 25
103 25
104 25
105 25
106 25
107 25
109 25
111 25
142 24
143 24
144 24
145 24
146 24
147 13
149 13
153 11
154 11
155 11
156 11
157 11
158 11
159 11
160 11
161 11
162 11
163 11
164 11
169 88
173 1
174 14
175 6
190 1
191 1
192 2
243 1
244 1
245 1
246 1
247 1
248 1
249 1
250 1
266 1
268 1
269 14
271 1
272 1
273 1
275 1
fl=./string/../sysdeps/x86_64/multiarch/ifunc-avx2.h
fn=memrchr
38 3
40 4
41 2
42 3
46 4
49 3
52 5
fn=rindex
38 3
40 4
41 2
42 3
46 4
49 3
52 5
fn=strchrnul
38 3
40 4
41 2
42 3
46 4
49 3
52 5
fn=strlen
38 6
40 8
41 4
42 6
46 8
49 6
52 10
fn=strnlen
38 6
40 8
41 4
42 6
46 8
49 6
52 10
fl=./string/../sysdeps/x86_64/multiarch/ifunc-evex.h
fn=memchr
37 3
38 4
39 3
43 2
51 3
54 4
fl=./string/../sysdeps/x86_64/multiarch/ifunc-memcmp.h
fn=bcmp
34 14
35 4
37 6
41 4
44 6
47 10
fl=./string/../sysdeps/x86_64/multiarch/ifunc-memmove.h
fn=memcpy@@GLIBC_2.14
56 6
57 4
60 6
61 4
74 4
77 4
85 4
93 4
96 10
fn=memmove
56 6
57 4
60 6
61 4
74 4
77 4
85 4
93 4
96 10
fn=mempcpy
56 3
57 2
60 3
61 2
74 2
77 2
85 2
93 2
96 5
fl=./string/../sysdeps/x86_64/multiarch/ifunc-memset.h
fn=memset
52 2
53 4
61 10
64 6
65 4
80 4
84 8
92 4
100 4
fl=./string/../sysdeps/x86_64/multiarch/ifunc-sse4_2.h
fn=strcspn
36 5
fn=strpbrk
36 5
fn=strspn
36 5
fl=./string/../sysdeps/x86_64/multiarch/ifunc-strcasecmp.h
fn=strcasecmp
36 1
37 4
38 3
42 4
45 3
48 4
fn=strcasecmp_l
36 1
37 4
38 3
42 4
45 3
48 4
fn=strncasecmp
36 1
37 4
38 3
42 4
45 3
48 4
fn=strncasecmp_l
36 1
37 4
38 3
42 4
45 3
48 4
fl=./string/../sysdeps/x86_64/multiarch/ifunc-strcpy.h
fn=stpcpy
38 4
39 3
43 4
46 3
49 3
fn=strcat
38 4
39 3
43 4
46 3
49 3
fn=strcpy
38 4
39 3
43 4
46 3
49 3
fl=./string/../sysdeps/x86_64/multiarch/ifunc-strncpy.h
fn=stpncpy
35 5
36 3
40 4
43 3
46 5
fn=strncpy
35 5
36 3
40 4
43 3
46 5
fl=./string/../sysdeps/x86_64/multiarch/memchr-avx2.S
fn=__memchr_avx2
68 53
70 53
73 53
74 53
76 53
77 53
78 53
79 53
82 53
83 53
86 53
87 53
89 51
90 51
91 2
92 2
94 4
101 2
106 2
113 2
114 2
121 8
122 8
123 8
124 16
128 2
129 2
133 7
134 7
135 7
136 14
140 11
141 11
142 11
143 22
148 18
149 18
150 18
151 36
161 49
162 49
163 49
165 49
175 49
176 49
179 49
180 49
182 45
183 45
185 37
186 37
187 37
188 37
190 30
191 30
192 30
193 30
195 19
196 19
197 19
198 19
202 1
203 1
206 1
207 1
208 1
209 1
214 2
224 1
225 1
226 1
227 1
228 1
229 1
230 1
232 1
238 1
239 1
257 4
258 4
261 4
262 4
286 1
287 1
288 1
327 1
331 1
333 1
334 2
366 4
367 4
368 4
369 4
371 4
372 4
375 4
376 4
379 4
380 4
384 2
385 2
397 4
401 2
402 2
403 2
404 4
fl=./string/../sysdeps/x86_64/multiarch/memchr.c
fn=memchr
29 1
fl=./string/../sysdeps/x86_64/multiarch/memcmp.c
fn=bcmp
29 4
fl=./string/../sysdeps/x86_64/multiarch/memmove-vec-unaligned-erms.S
fn=__memcpy_avx_unaligned_erms
256 60
262 60
263 60
265 52
266 52
267 52
270 17
271 17
272 17
275 34
305 8
306 8
308 5
309 5
311 3
315 3
316 3
317 3
325 3
342 3
343 3
344 3
345 3
347 3
364 2
365 2
366 2
367 2
368 2
375 31
376 31
377 31
378 31
379 31
380 31
381 62
386 35
387 35
392 35
393 35
395 35
396 35
397 35
399 4
400 4
401 4
402 4
403 4
404 4
405 4
406 4
407 4
408 4
409 4
410 4
411 4
412 4
413 8
fn=memcpy
211 26
217 49
218 49
220 28
221 28
222 28
224 11
225 11
226 11
228 11
308 21
309 21
311 5
315 5
316 5
317 5
318 1
319 1
323 1
325 5
364 16
365 16
366 16
367 16
368 16
375 17
376 17
377 17
378 17
379 17
380 17
381 17
392 17
393 17
395 17
396 17
397 17
fn=mempcpy
198 23
199 23
200 23
fl=./string/../sysdeps/x86_64/multiarch/memset-vec-unaligned-erms.S
fn=__memset_avx2_unaligned_erms
199 4
204 2
205 2
206 1
207 1
208 1
229 1
230 1
236 1
237 1
249 1
252 1
253 1
265 1
266 1
279 1
280 1
282 1
300 1
301 1
302 1
303 1
306 2
341 1
350 1
351 1
382 1
383 1
384 1
fl=./string/../sysdeps/x86_64/multiarch/memset.c
fn=memset
29 2
fl=./string/../sysdeps/x86_64/multiarch/stpcpy.c
fn=stpcpy
33 1
fl=./string/../sysdeps/x86_64/multiarch/strcasecmp.c
fn=strcasecmp
31 2
fl=./string/../sysdeps/x86_64/multiarch/strcasecmp_l.c
fn=strcasecmp_l
31 2
fl=./string/../sysdeps/x86_64/multiarch/strcat.c
fn=strcat
29 1
fl=./string/../sysdeps/x86_64/multiarch/strchr-avx2.S
fn=__strchr_avx2
55 1
56 1
57 1
58 1
59 1
62 1
63 1
67 1
68 1
69 1
70 1
71 1
72 1
73 1
74 1
77 1
85 1
93 1
94 2
fl=./string/../sysdeps/x86_64/multiarch/strchr.c
fn=index
42 2
43 4
44 3
48 4
51 3
54 3
65 1
fl=./string/../sysdeps/x86_64/multiarch/strcmp.c
fn=strcmp
47 1
48 4
49 3
53 4
56 3
59 3
79 1
fl=./string/../sysdeps/x86_64/multiarch/strcpy.c
fn=strcpy
29 1
fl=./string/../sysdeps/x86_64/multiarch/strcspn.c
fn=strcspn
29 1
fl=./string/../sysdeps/x86_64/multiarch/strlen-avx2.S
fn=__strlen_avx2
65 51
66 51
67 51
70 51
72 51
73 51
76 51
77 51
85 51
86 51
87 1
92 2
118 16
131 16
132 16
133 16
139 32
168 30
181 30
182 30
183 30
189 60
193 4
206 4
207 4
208 4
214 8
221 50
236 50
242 50
243 50
244 50
246 34
247 34
248 34
249 34
251 34
252 34
253 34
254 34
256 4
257 4
258 4
259 4
fl=./string/../sysdeps/x86_64/multiarch/strncase.c
fn=strncasecmp
31 2
fl=./string/../sysdeps/x86_64/multiarch/strncase_l.c
fn=strncasecmp_l
31 2
fl=./string/../sysdeps/x86_64/multiarch/strncmp.c
fn=strncmp
43 1
44 4
45 3
49 4
52 3
55 4
67 2
fl=./string/../sysdeps/x86_64/multiarch/strpbrk.c
fn=strpbrk
29 1
fl=./string/../sysdeps/x86_64/multiarch/strrchr-avx2.S
fn=__strrchr_avx2
54 1
55 1
57 1
58 1
62 1
63 1
64 1
67 1
69 1
70 1
71 1
72 1
75 1
76 1
78 1
79 1
80 1
81 1
82 1
91 2
fl=./string/../sysdeps/x86_64/multiarch/strspn.c
fn=strspn
29 1
fl=./string/./string/strdup.c
fn=strdup
40 20
41 10
44 10
47 20
48 15
fl=./wcsmbs/../sysdeps/x86_64/multiarch/ifunc-avx2.h
fn=wcschr
38 6
40 8
41 4
42 6
46 8
49 6
52 10
fn=wcscmp
38 3
40 4
41 2
42 3
46 4
49 3
52 5
fl=./wcsmbs/../sysdeps/x86_64/multiarch/ifunc-evex.h
fn=wmemchr
37 6
38 8
39 6
43 4
51 6
54 8
fl=./wcsmbs/../sysdeps/x86_64/multiarch/ifunc-memcmp.h
fn=wmemcmp
34 7
35 2
37 3
41 2
44 3
47 5
fl=./wcsmbs/../sysdeps/x86_64/multiarch/ifunc-wcs.h
fn=wcpncpy
39 2
40 4
41 3
45 2
48 4
fn=wcscat
39 2
40 4
41 3
45 2
48 4
fn=wcsncpy
39 2
40 4
41 3
45 2
48 4
fl=./wcsmbs/../sysdeps/x86_64/multiarch/ifunc-wcslen.h
fn=wcslen
40 1
41 4
42 3
46 4
49 3
52 3
fn=wcsnlen
40 1
41 4
42 3
46 4
49 3
52 3
fl=./wcsmbs/../sysdeps/x86_64/multiarch/ifunc-wmemset.h
fn=wmemset
36 10
37 6
40 4
48 6
51 8
fl=./wcsmbs/../sysdeps/x86_64/multiarch/wcpncpy.c
fn=wcpncpy
31 2
fl=./wcsmbs/../sysdeps/x86_64/multiarch/wcscat.c
fn=wcscat
31 2
fl=./wcsmbs/../sysdeps/x86_64/multiarch/wcscpy.c
fn=wcscpy
42 2
43 4
44 3
47 3
50 3
60 1
fl=./wcsmbs/../sysdeps/x86_64/multiarch/wcslen.c
fn=wcslen
29 1
fl=./wcsmbs/../sysdeps/x86_64/multiarch/wcsncpy.c
fn=wcsncpy
31 2
fl=./wcsmbs/../sysdeps/x86_64/multiarch/wcsnlen.c
fn=wcsnlen
30 1
fl=./wcsmbs/../sysdeps/x86_64/multiarch/wmemchr.c
fn=wmemchr
31 2
fl=./wcsmbs/../sysdeps/x86_64/multiarch/wmemcmp.c
fn=wmemcmp
29 2
fl=./wcsmbs/../sysdeps/x86_64/multiarch/wmemset.c
fn=wmemset
31 2
fl=???
fn=???
0 3532
fn=__cpu_indicator_init
0 361
fn=__popcountdi2
0 21
summary: 337633
